$ANSIBLE_VAULT;1.1;AES256
66306465336336316463303038663839303539633062346164366135653334313936653336303161
3064356664343638636265633234616638323964323261630a653439376661336461656131383832
31326165616530373639386231663861623761383662373962663661386532326132323063356332
3233396439616166630a383565333137313366666435353161623361633337333933613631343764
30363630393933623239303665633533346333316131393731653661363663303832343565656632
32333363383762646232663433663738396631393461356237346538303235366263626431363964
63363862663930303461343165623335303639333433383663613535393265646539396435373265
62323538303931346264353666356434396230323930643466633563343566386337653761373563
30386364623139663839656262333736386464356161626565383339376637633133376362653931
65663138616161626165656464656438353233326462373137353766653438646566366333323731
35666436633965353962636230663235333637383931346231626265623364613234613962363962
33356239663538623439366535373965363866366237643563323961383261663864386361386364
65333030376162356161393437636436636633613437303264386563363635313739626130353635
66626134643362383638376161396231373164653965626133383835313932663932623832373361
62616164613966613965333532616265663032623132323536386630343330633232376365383462
65373861353665373665666231343636656535653766323636306362376661363233613536306261
37623432316565383533383732656161623466373664346266346631393731626663653534623933
38313631613162316634353763353461616338343234343437363133356538366363306535666530
31356533383434356365353264373762363930366636646338333162616334386264363432333239
30383931396532376662336165663839343632666561353735393161626637613134353834663536
64396135623232623862623036396439363462396532356465636464616431626639663962353235
65366463386438336539356165313336373437653338373364373531303762323035356434343537
64633232396133353165613932326135323135306465643765366463653461363363653964643263
38393766323236323264326264373139383061396562343032393534353733616337663164373035
32303936373739313233626438336430313432353133393934363039366434643335393534356666
3762393635363464363162613839613562613065623430386130
