$ANSIBLE_VAULT;1.1;AES256
64313835613062623963633761383962356636393862326564383535643463383537306235663863
6336623663316661626534383934383564643231616462370a323234636531653066303833633963
65663434626437636530386432333737643035613062323939653338363033303036363165333866
3630383663376130350a393634313666613963363361323738386436303938623432396138373662
34316339653231343465666133663363373766326665393131653031333866356163393261373566
63306138326537393834366533303664363434366463326534373663326464363166656336623066
61613236303964323730306565313161626463366632373564366462653732313464663363326539
66346562373234663032333936346339653339363064656262383230383637353266666636346464
66633661656538373536643266653333333061346462613230323035653539623361376134643131
35303139303565333131383239386338303566656136663436333738353134643231666538353634
63353435643164306361616561366561626264616532393863623261663636343131363230383864
61323132343363313963656231363864613163356134346439643539333833613635643035396639
33373038626238363664663737663266616236316434376635313837366630383339643932343163
61396633636230333333356239323330383836363735363664313866343265636463393833653939
36353863386663663134323662316332356633343932366466363631323064666363323638363465
65623237393039316664353336663535633434386538376262316234623932383565353861636531
38353433376134343166316333643033316530623036376531383331666563393839393633323466
63653437633566343235303430623739373139376131303663363035303766663133323835353466
33326434343338393764633237386437323835376630373262353863356539663664663864616138
35343338353261653235393837616436336133346232326130376631626431613034623235323565
32393534303963663462356262386339613132623363346134363063343032383138623134386662
65333666666536306534376336656634303330616330396361663532343964326262366636636331
65356530663631346139636539336330383762613536643231383935613466663330383530616561
31343131306166336261663830346636386462643933656539613739376338306630383963363661
39623064633234323435356565636633653736393636373462623139623735356361393163643066
30383936663932306563313835396261326532613732316266663464333061616564363062646432
32653231383132353036383764663962373030323361393635646630653333346465663636376136
37316332356262396134
