$ANSIBLE_VAULT;1.1;AES256
62656633356662366163326331643265353539316137346130663837323030306565396336336164
6662353632373539633962656535656630356437663666360a386336356534316534366531386331
31306436353264353430363165326335656530366638666436666666336235656562323661303930
3433616233653834340a363136316539306332666663343232306365646335633137386161336139
34623232366337306337336131613437323332343762323464626338346531323465616235616534
63663831363931346439363334396137353563633134366661653661373232393365313737373731
65363262346565653564316366656333383735373661353664356463313937666637386331333064
35386466376638353162623166623637386130633562643531616431656631353631316534326131
61663361666135333861376563396562666239626538376533333933316263323532316538333862
39383335386662353535633336356331386363323134326431646564343962336162383639303965
62336136626337636635313662336139326139376335396233323734613536343761376262396562
31646665313566306462343339316533633032633936366633303262333466373534373136303832
32666435353463366632376263316262366662663535633561303534386632376230396131633235
32653130633036633634336631656637656363626561393365326261376462663639376430366439
38306432366664623666323937666539323062626561623535363662393762313539333436363535
33393466633236346631616432343161343161373762336565643464363036626532356139643862
64393232623637363837353631376363343962343736623563616632646332303331363137306130
34633332666361643638363366323439336262313763346461333933666233313539646536373939
39356466333737353838313235376163643230646231616238303635353137303966306661393130
30343535383262623162396561346230386463353232633863643866313339393031306263616239
65343361363330643662613533613165643761386666383631386661646333313263663332363630
64333338383265303966666161613264633464663338336237633564373661613662306362613238
64653664326166393931613833376133373365363931653334303561373637616333333030656236
32336136663037316562313433313637346138303562396437333037383532393361336265396339
37366138346438613633653836613539366261356330353133313635613765366362393938383963
35313137306438646231613239653134326135646532643262333264313034393832623130623637
62626563616638363937373634383465623938393965333865376532396265623230363962326139
33343338343030336465
