$ANSIBLE_VAULT;1.1;AES256
32303338653333313434643438653638623265613662626261383731376562326266613236653834
3732613930393939636435323865646234386434303138650a363961616434633362393534373531
30303532336636306665343463396138396636613734303533663365363761376134653063343633
3732383162303165370a363262336139353233373163326665386634643061646337616439623863
38356562383232313637643266643364646566343836613031386337666261346364363830376630
31626266383466616363393338316335303333343930316666326238363932376534306363653138
61353238623636643832316565396535313038303833353938626636386537656139643463346235
31613830376638366266366333303033383365313630313339316563393138336337376230663362
36656131393030656538646138656238323436613339613262383064656132613161386163653933
36613232313231333961613439386666303039353365306338623263303264363362386133336532
31613364666464376434663032366237303530646366353037613232383161613533663964616338
64623531643337663433393433303863666538313835616562323931626563353662663362643965
66303066366363666532646132343638373165396562386232323933323265393030303766633463
61343436623238393539353834373433393136316134613064383138626666666238613734343636
31303131383733643333363566343361616464653931336130316638373138343834363263373836
33633431356538313535383733393437393562646630313531633639353132333962643132393062
39313266373061336164346133346235633531316538346331666437373430356535633733613631
31346635323764393930306463636530303930373162316537316664366663343336623032363431
64626365653666383132396533356233303566616662396235623737306133646662363462376431
30363731323730623535386332666365373532376664303861313564633236616665663133333964
37306661316430376635663234336334656664623533666265376163386561646433313230366534
65383535616434313433366135386631343361336363663331346637666536623133373262653335
36653031663531303831343766383736366562626166396365336366313034316431363436663536
35313132623232623165373464346133636332323064643831626366396634363961376133333862
37313739316332323431636538326533646236663161363965373866396465653633326436623231
32313063383764353936613237613935656434666535633431643039613237663633383334386632
37303931393362366162363163623339333236333663346163336366323436396139626563316233
39346162323237346262
